68
68
68
68
68
68
68
68
68
68
68
68
68
97
99
99
102
102
+30.14C
102
97
97
97
97
105
97
105
105
105
103
105
102
99
97
97
105
105
103
103
103
103
102
101
101
100
100
100
100
100
100
+30.44C
100
99
100
100
100
101
102
102
103
103
103
103
104
104
104
103
102
102
103
102
102
102
101
101
101
101
101
102
103
103
105
+30.72C
105
106
106
106
107
107
106
107
107
104
105
106
105
105
105
105
103
103
103
103
102
103
102
101
101
100
100
100
101
97
97
+30.97C
96
105
104
103
102
102
102
101
101
101
100
98
98
98
98
99
97
98
99
98
99
