80
80
80
80
80
80
+29.05C
80
80
80
80
80
80
80
80
80
80
80
80
80
80
80
80
80
80
80
120
120
119
118
116
114
113
109
112
109
108
107
+29.19C
107
105
106
106
106
106
105
105
104
104
104
104
104
105
104
103
102
102
101
101
100
99
98
97
96
95
96
97
97
98
108
+29.41C
108
108
108
106
106
100
105
105
104
105
104
97
105
105
105
105
105
105
105
106
104
105
106
107
107
106
106
104
101
101
99
+29.64C
105
105
104
105
105
105
104
104
104
104
104
104
105
103
102
102
101
100
101
101
103
102
102
97
97
96
96
96
96
95
95
+29.84C
95
