108
108
108
108
108
108
108
+29.69C
108
108
108
108
108
108
108
108
108
108
108
108
108
108
108
108
108
108
108
108
108
108
106
106
106
106
106
106
106
106
106
+29.82C
106
106
106
106
106
106
106
106
106
106
106
106
106
106
106
106
106
106
106
106
106
106
106
106
106
106
101
91
86
85
85
+30.03C
85
85
85
85
85
85
85
85
85
85
85
85
90
90
91
92
92
91
91
92
105
107
108
107
106
109
105
105
105
105
105
+30.29C
106
107
105
105
105
105
107
109
107
106
106
106
104
104
104
105
105
105
104
104
105
105
105
105
106
106
106
105
103
104
104
+30.55C
104
