70
70
70
70
70
70
70
70
70
70
70
70
70
70
70
70
70
70
70
70
75
85
+28.06C
90
85
85
81
79
80
82
83
87
88
88
89
90
90
90
90
91
91
92
93
93
93
93
93
94
95
96
96
96
96
97
+28.66C
98
100
101
101
100
99
100
99
100
100
100
100
100
101
102
102
103
103
101
100
101
102
103
105
105
106
107
106
106
106
106
+29.11C
106
106
107
108
109
108
108
107
107
106
106
106
106
106
106
105
105
105
105
105
105
105
106
106
106
106
106
107
107
108
108
+29.52C
107
107
107
107
107
107
107
108
107
107
107
107
107
108
108
108
108
