103
103
103
103
103
103
103
103
103
103
103
103
103
108
109
+30.23C
108
109
110
109
109
106
102
105
103
104
103
104
103
103
103
103
104
110
112
114
114
115
111
105
105
112
112
112
111
110
109
+30.35C
108
109
108
108
108
108
108
108
108
109
109
110
111
111
112
112
111
111
110
110
109
108
107
107
107
108
109
107
106
104
109
+30.79C
105
105
104
105
105
106
105
105
105
106
107
107
112
112
112
112
111
103
101
101
105
102
101
105
105
105
105
97
105
104
104
+30.86C
103
101
101
101
101
101
100
100
100
100
98
98
97
98
99
99
98
98
98
95
96
96
96
