73
+29.61C
73
73
73
73
73
72
72
72
72
72
72
72
72
72
72
72
72
72
72
72
72
72
72
72
72
72
72
72
72
72
72
+29.67C
72
73
74
73
74
74
73
80
80
80
80
81
81
81
81
82
83
83
83
83
83
83
83
84
83
83
83
83
83
83
113
+29.79C
113
113
113
115
116
112
111
112
111
111
111
110
119
118
107
108
109
110
110
109
105
104
105
105
105
104
106
105
97
97
98
+29.94C
107
105
105
104
105
105
105
105
105
104
104
105
103
104
105
102
101
102
103
105
105
106
106
106
105
105
104
104
103
102
101
+30.11C
100
100
99
98
98
99
99
99
