92
92
92
92
92
92
92
92
92
92
104
101
99
97
97
95
94
+30.00C
97
98
97
97
97
97
97
97
97
97
101
101
100
105
104
104
103
102
102
101
100
100
100
99
97
97
97
95
94
93
93
93
+30.26C
93
106
106
106
105
105
105
105
104
104
104
103
103
103
102
103
104
111
109
109
99
102
100
103
106
105
109
112
109
109
105
+30.54C
104
104
98
99
100
100
99
99
98
98
98
98
102
100
100
101
100
99
99
99
99
100
101
101
102
102
102
102
103
104
105
+30.77C
107
107
108
108
108
108
106
104
103
94
93
91
91
92
97
97
92
91
92
92
92
